3.009999990463256836e+00 1.000000070780515671e-02 0.000000000000000000e+00 0.000000000000000000e+00 9.999999403953552246e-01 1.000000000000000000e+00 1.000000000000000000e+00
1.963816165924072266e+00 6.929820403456687927e-03 0.000000000000000000e+00 0.000000000000000000e+00 8.487010598182678223e-01 8.493395447731018066e-01 2.588456869125366211e-01
1.631088733673095703e+00 3.492891322821378708e-03 0.000000000000000000e+00 0.000000000000000000e+00 7.261180281639099121e-01 7.255364060401916504e-01 1.759414076805114746e-01
1.702871084213256836e+00 1.093433820642530918e-03 0.000000000000000000e+00 0.000000000000000000e+00 6.386925578117370605e-01 6.376821398735046387e-01 4.254028201103210449e-01
1.883047819137573242e+00 3.057404828723520041e-04 0.000000000000000000e+00 0.000000000000000000e+00 5.929192304611206055e-01 5.913026332855224609e-01 6.985202431678771973e-01
1.920036077499389648e+00 2.446844591759145260e-04 0.000000000000000000e+00 0.000000000000000000e+00 5.824893712997436523e-01 5.814687609672546387e-01 7.558332681655883789e-01
1.830278158187866211e+00 2.269445831188932061e-04 0.000000000000000000e+00 0.000000000000000000e+00 5.962667465209960938e-01 5.965478420257568359e-01 6.372366547584533691e-01
1.670590281486511230e+00 1.609017781447619200e-04 0.000000000000000000e+00 0.000000000000000000e+00 6.258419752120971680e-01 6.275464296340942383e-01 4.170410335063934326e-01
1.553598523139953613e+00 1.231760834343731403e-04 0.000000000000000000e+00 0.000000000000000000e+00 6.645939350128173828e-01 6.677068471908569336e-01 2.211745679378509521e-01
1.506499528884887695e+00 1.864535006461665034e-04 0.000000000000000000e+00 0.000000000000000000e+00 7.065768837928771973e-01 7.109958529472351074e-01 8.874034136533737183e-02
1.529808521270751953e+00 3.563310310710221529e-04 0.000000000000000000e+00 0.000000000000000000e+00 7.458996176719665527e-01 7.514086961746215820e-01 3.214395046234130859e-02
1.588552474975585938e+00 5.665755597874522209e-04 0.000000000000000000e+00 0.000000000000000000e+00 7.770113348960876465e-01 7.833948731422424316e-01 2.757962234318256378e-02
1.639229059219360352e+00 7.294390816241502762e-04 0.000000000000000000e+00 0.000000000000000000e+00 7.961218357086181641e-01 8.031548857688903809e-01 3.922289237380027771e-02
1.656549930572509766e+00 7.875203154981136322e-04 0.000000000000000000e+00 0.000000000000000000e+00 8.021308183670043945e-01 8.094758987426757812e-01 4.415575787425041199e-02
1.636628031730651855e+00 7.325576734729111195e-04 0.000000000000000000e+00 0.000000000000000000e+00 7.962138652801513672e-01 8.034926056861877441e-01 3.618899732828140259e-02
1.590924739837646484e+00 6.002768059261143208e-04 0.000000000000000000e+00 0.000000000000000000e+00 7.809662222862243652e-01 7.878812551498413086e-01 2.147704362869262695e-02
1.540332317352294922e+00 4.485509416554123163e-04 0.000000000000000000e+00 0.000000000000000000e+00 7.596845626831054688e-01 7.659968137741088867e-01 1.420233491808176041e-02
1.505194425582885742e+00 3.277750511188060045e-04 0.000000000000000000e+00 0.000000000000000000e+00 7.357870936393737793e-01 7.412705421447753906e-01 2.780902944505214691e-02
1.495113968849182129e+00 2.613306278362870216e-04 0.000000000000000000e+00 0.000000000000000000e+00 7.123894691467285156e-01 7.169101238250732422e-01 6.555306166410446167e-02
1.505923390388488770e+00 2.457330701872706413e-04 0.000000000000000000e+00 0.000000000000000000e+00 6.920867562294006348e-01 6.957038044929504395e-01 1.178870871663093567e-01
1.525596141815185547e+00 2.639270096551626921e-04 0.000000000000000000e+00 0.000000000000000000e+00 6.768649816513061523e-01 6.798040866851806641e-01 1.686631441116333008e-01
1.540697097778320312e+00 2.957812685053795576e-04 0.000000000000000000e+00 0.000000000000000000e+00 6.679841876029968262e-01 6.705369949340820312e-01 2.018800675868988037e-01
1.546820163726806641e+00 3.213722375221550465e-04 0.000000000000000000e+00 0.000000000000000000e+00 6.658359766006469727e-01 6.683139801025390625e-01 2.123488485813140869e-01
1.537369966506958008e+00 3.255633346270769835e-04 0.000000000000000000e+00 0.000000000000000000e+00 6.699503660202026367e-01 6.726658344268798828e-01 1.944282352924346924e-01
1.524112224578857422e+00 3.053494147025048733e-04 0.000000000000000000e+00 0.000000000000000000e+00 6.791823506355285645e-01 6.824004650115966797e-01 1.622241288423538208e-01
1.506760835647583008e+00 2.719412732403725386e-04 0.000000000000000000e+00 0.000000000000000000e+00 6.919279694557189941e-01 6.958298683166503906e-01 1.187310665845870972e-01
1.495131969451904297e+00 2.438232622807845473e-04 0.000000000000000000e+00 0.000000000000000000e+00 7.063218355178833008e-01 7.110046148300170898e-01 7.756159454584121704e-02
1.493996024131774902e+00 2.340686332900077105e-04 0.000000000000000000e+00 0.000000000000000000e+00 7.204735875129699707e-01 7.259482145309448242e-01 4.734017699956893921e-02
1.499595165252685547e+00 2.392674796283245087e-04 0.000000000000000000e+00 0.000000000000000000e+00 7.326945662498474121e-01 7.388811707496643066e-01 2.778016962110996246e-02
1.507416248321533203e+00 2.408014115644618869e-04 0.000000000000000000e+00 0.000000000000000000e+00 7.416533231735229492e-01 7.484082579612731934e-01 1.711391657590866089e-02
1.512454748153686523e+00 2.214090782217681408e-04 0.000000000000000000e+00 0.000000000000000000e+00 7.464949488639831543e-01 7.536466121673583984e-01 1.209171582013368607e-02
1.511918187141418457e+00 1.809971436159685254e-04 0.000000000000000000e+00 0.000000000000000000e+00 7.469322681427001953e-01 7.542873024940490723e-01 1.051762513816356659e-02
1.506392240524291992e+00 1.340645103482529521e-04 0.000000000000000000e+00 0.000000000000000000e+00 7.432419657707214355e-01 7.505944371223449707e-01 1.242183055728673935e-02
1.498437643051147461e+00 9.454940300201997161e-05 0.000000000000000000e+00 0.000000000000000000e+00 7.361821532249450684e-01 7.433530092239379883e-01 1.880788803100585938e-02
1.491656780242919922e+00 6.689434667350724339e-05 0.000000000000000000e+00 0.000000000000000000e+00 7.268937826156616211e-01 7.337611317634582520e-01 3.093501925468444824e-02
1.487071156501770020e+00 4.907236871076747775e-05 0.000000000000000000e+00 0.000000000000000000e+00 7.167591452598571777e-01 7.232575416564941406e-01 4.700538888573646545e-02
1.487667679786682129e+00 3.886803824570961297e-05 0.000000000000000000e+00 0.000000000000000000e+00 7.071828842163085938e-01 7.133037447929382324e-01 6.714218109846115112e-02
1.491515636444091797e+00 3.616511094151064754e-05 0.000000000000000000e+00 0.000000000000000000e+00 6.993620395660400391e-01 7.051622271537780762e-01 8.695521205663681030e-02
1.495443344116210938e+00 4.089379945071414113e-05 0.000000000000000000e+00 0.000000000000000000e+00 6.941293478012084961e-01 6.997178196907043457e-01 1.015552878379821777e-01
1.496870517730712891e+00 4.974816329195164144e-05 0.000000000000000000e+00 0.000000000000000000e+00 6.918780803680419922e-01 6.973916888236999512e-01 1.075509488582611084e-01
1.496418714523315430e+00 5.656615030602551997e-05 0.000000000000000000e+00 0.000000000000000000e+00 6.925657391548156738e-01 6.981518268585205078e-01 1.056446582078933716e-01
1.495026111602783203e+00 5.761829379480332136e-05 0.000000000000000000e+00 0.000000000000000000e+00 6.957951188087463379e-01 7.015926241874694824e-01 9.758070111274719238e-02
1.489873409271240234e+00 5.519942351384088397e-05 0.000000000000000000e+00 0.000000000000000000e+00 7.009245753288269043e-01 7.070347666740417480e-01 8.185883611440658569e-02
1.488537073135375977e+00 5.427299402072094381e-05 0.000000000000000000e+00 0.000000000000000000e+00 7.071482539176940918e-01 7.136206626892089844e-01 6.771381944417953491e-02
1.486811518669128418e+00 5.695323125110007823e-05 0.000000000000000000e+00 0.000000000000000000e+00 7.135671973228454590e-01 7.204034328460693359e-01 5.278393253684043884e-02
1.487239837646484375e+00 6.159349140943959355e-05 0.000000000000000000e+00 0.000000000000000000e+00 7.192879319190979004e-01 7.264474034309387207e-01 4.144284501671791077e-02
1.489483356475830078e+00 6.560026668012142181e-05 0.000000000000000000e+00 0.000000000000000000e+00 7.235403060913085938e-01 7.309502363204956055e-01 3.492719680070877075e-02
1.489909172058105469e+00 6.741232937201857567e-05 0.000000000000000000e+00 0.000000000000000000e+00 7.257994413375854492e-01 7.333705425262451172e-01 3.067183308303356171e-02
1.489872813224792480e+00 6.637021579081192613e-05 0.000000000000000000e+00 0.000000000000000000e+00 7.258827686309814453e-01 7.335177063941955566e-01 3.040591813623905182e-02
1.489012956619262695e+00 6.209348794072866440e-05 0.000000000000000000e+00 0.000000000000000000e+00 7.239649295806884766e-01 7.315682172775268555e-01 3.341770917177200317e-02
1.486476659774780273e+00 5.485310612129978836e-05 0.000000000000000000e+00 0.000000000000000000e+00 7.205086350440979004e-01 7.280008792877197266e-01 3.791236504912376404e-02
1.486010432243347168e+00 4.643692591344006360e-05 0.000000000000000000e+00 0.000000000000000000e+00 7.161536812782287598e-01 7.234837412834167480e-01 4.632656276226043701e-02
1.486601114273071289e+00 3.956395084969699383e-05 0.000000000000000000e+00 0.000000000000000000e+00 7.116037607192993164e-01 7.187544703483581543e-01 5.620336532592773438e-02
1.483361482620239258e+00 3.582091085263527930e-05 0.000000000000000000e+00 0.000000000000000000e+00 7.075244188308715820e-01 7.145159244537353516e-01 6.128538399934768677e-02
1.487352132797241211e+00 3.457246930338442326e-05 0.000000000000000000e+00 0.000000000000000000e+00 7.044661641120910645e-01 7.113537192344665527e-01 7.149763405323028564e-02
1.488333463668823242e+00 3.395832391106523573e-05 0.000000000000000000e+00 0.000000000000000000e+00 7.028069496154785156e-01 7.096652984619140625e-01 7.582730799913406372e-02
1.488278388977050781e+00 3.261032179580070078e-05 0.000000000000000000e+00 0.000000000000000000e+00 7.026958465576171875e-01 7.096026539802551270e-01 7.594724744558334351e-02
1.486617326736450195e+00 3.056837522308342159e-05 0.000000000000000000e+00 0.000000000000000000e+00 7.040227055549621582e-01 7.110465764999389648e-01 7.151749730110168457e-02
1.482200860977172852e+00 2.882918852264992893e-05 0.000000000000000000e+00 0.000000000000000000e+00 7.064427137374877930e-01 7.136346101760864258e-01 6.209464371204376221e-02
1.483788013458251953e+00 2.818643588398117572e-05 0.000000000000000000e+00 0.000000000000000000e+00 7.094530463218688965e-01 7.168418765068054199e-01 5.746483802795410156e-02
1.486528754234313965e+00 2.873233279387932271e-05 0.000000000000000000e+00 0.000000000000000000e+00 7.125031352043151855e-01 7.200938463211059570e-01 5.390302464365959167e-02
1.485328912734985352e+00 3.013219429703895003e-05 0.000000000000000000e+00 0.000000000000000000e+00 7.150993943214416504e-01 7.228733897209167480e-01 4.732593521475791931e-02
1.485176086425781250e+00 3.185837704222649336e-05 0.000000000000000000e+00 0.000000000000000000e+00 7.168726325035095215e-01 7.247924208641052246e-01 4.347913712263107300e-02
1.484796285629272461e+00 3.342066702316515148e-05 0.000000000000000000e+00 0.000000000000000000e+00 7.176056504249572754e-01 7.256245613098144531e-01 4.153255000710487366e-02
1.484775185585021973e+00 3.459380604908801615e-05 0.000000000000000000e+00 0.000000000000000000e+00 7.172459363937377930e-01 7.253154516220092773e-01 4.217924550175666809e-02
1.485026359558105469e+00 3.520174141158349812e-05 0.000000000000000000e+00 0.000000000000000000e+00 7.159060239791870117e-01 7.239843606948852539e-01 4.510076344013214111e-02
1.485112905502319336e+00 3.499103331705555320e-05 0.000000000000000000e+00 0.000000000000000000e+00 7.138531208038330078e-01 7.219118475914001465e-01 4.931295663118362427e-02
1.485353231430053711e+00 3.403722075745463371e-05 0.000000000000000000e+00 0.000000000000000000e+00 7.114716172218322754e-01 7.194999456405639648e-01 5.434758961200714111e-02
1.483643293380737305e+00 3.285228740423917770e-05 0.000000000000000000e+00 0.000000000000000000e+00 7.091906666755676270e-01 7.171946763992309570e-01 5.722506344318389893e-02
1.481867313385009766e+00 3.190782808815129101e-05 0.000000000000000000e+00 0.000000000000000000e+00 7.073885798454284668e-01 7.153907418251037598e-01 5.905617028474807739e-02
1.480935931205749512e+00 3.135183942504227161e-05 0.000000000000000000e+00 0.000000000000000000e+00 7.063168883323669434e-01 7.143511176109313965e-01 6.023654714226722717e-02
1.480881690979003906e+00 3.121021291008219123e-05 0.000000000000000000e+00 0.000000000000000000e+00 7.060654163360595703e-01 7.141711711883544922e-01 6.061379611492156982e-02
1.481228590011596680e+00 3.168646071571856737e-05 0.000000000000000000e+00 0.000000000000000000e+00 7.065715789794921875e-01 7.147858738899230957e-01 5.983944982290267944e-02
1.482512712478637695e+00 3.310237661935389042e-05 0.000000000000000000e+00 0.000000000000000000e+00 7.076569795608520508e-01 7.160068750381469727e-01 5.881573259830474854e-02
1.483797907829284668e+00 3.544380524544976652e-05 0.000000000000000000e+00 0.000000000000000000e+00 7.090668678283691406e-01 7.175646424293518066e-01 5.713090673089027405e-02
1.483256340026855469e+00 3.817096876446157694e-05 0.000000000000000000e+00 0.000000000000000000e+00 7.105089426040649414e-01 7.191522717475891113e-01 5.355693399906158447e-02
1.483644723892211914e+00 4.062597872689366341e-05 0.000000000000000000e+00 0.000000000000000000e+00 7.116999030113220215e-01 7.204743623733520508e-01 5.142972245812416077e-02
1.483395338058471680e+00 4.241603164700791240e-05 0.000000000000000000e+00 0.000000000000000000e+00 7.124174237251281738e-01 7.212999463081359863e-01 4.963554814457893372e-02
1.483167171478271484e+00 4.334329423727467656e-05 0.000000000000000000e+00 0.000000000000000000e+00 7.125457525253295898e-01 7.215096354484558105e-01 4.906848073005676270e-02
1.483133554458618164e+00 4.324665496824309230e-05 0.000000000000000000e+00 0.000000000000000000e+00 7.120958566665649414e-01 7.211143970489501953e-01 4.988000541925430298e-02
1.483154773712158203e+00 4.214121872792020440e-05 0.000000000000000000e+00 0.000000000000000000e+00 7.111895680427551270e-01 7.202400565147399902e-01 5.168307200074195862e-02
1.482656836509704590e+00 4.044041997985914350e-05 0.000000000000000000e+00 0.000000000000000000e+00 7.100193500518798828e-01 7.190872430801391602e-01 5.350982025265693665e-02
1.482961297035217285e+00 3.879795258399099112e-05 0.000000000000000000e+00 0.000000000000000000e+00 7.088054418563842773e-01 7.178870439529418945e-01 5.623001977801322937e-02
1.482560634613037109e+00 3.768027818296104670e-05 0.000000000000000000e+00 0.000000000000000000e+00 7.077580094337463379e-01 7.168607711791992188e-01 5.790425464510917664e-02
1.481815338134765625e+00 3.719477172126062214e-05 0.000000000000000000e+00 0.000000000000000000e+00 7.070472836494445801e-01 7.161880731582641602e-01 5.854279547929763794e-02
1.481478095054626465e+00 3.724421549122780561e-05 0.000000000000000000e+00 0.000000000000000000e+00 7.067733407020568848e-01 7.159733772277832031e-01 5.869411677122116089e-02
1.481613159179687500e+00 3.770377588807605207e-05 0.000000000000000000e+00 0.000000000000000000e+00 7.069417238235473633e-01 7.162224650382995605e-01 5.841119959950447083e-02
1.481999993324279785e+00 3.846697654807940125e-05 0.000000000000000000e+00 0.000000000000000000e+00 7.074616551399230957e-01 7.168405055999755859e-01 5.765936896204948425e-02
1.482010126113891602e+00 3.940297028748318553e-05 0.000000000000000000e+00 0.000000000000000000e+00 7.081720829010009766e-01 7.176588773727416992e-01 5.613980814814567566e-02
1.482213854789733887e+00 4.034896119264885783e-05 0.000000000000000000e+00 0.000000000000000000e+00 7.088883519172668457e-01 7.184852361679077148e-01 5.479989200830459595e-02
1.482186675071716309e+00 4.113915565540082753e-05 0.000000000000000000e+00 0.000000000000000000e+00 7.094491124153137207e-01 7.191500663757324219e-01 5.354639142751693726e-02
1.481675028800964355e+00 4.161222022958099842e-05 0.000000000000000000e+00 0.000000000000000000e+00 7.097428441047668457e-01 7.195364236831665039e-01 5.235415324568748474e-02
1.481532692909240723e+00 4.168217128608375788e-05 0.000000000000000000e+00 0.000000000000000000e+00 7.097184062004089355e-01 7.195906639099121094e-01 5.218197777867317200e-02
1.481737971305847168e+00 4.143445403315126896e-05 0.000000000000000000e+00 0.000000000000000000e+00 7.093849182128906250e-01 7.193221449851989746e-01 5.298950150609016418e-02
1.481714963912963867e+00 4.107468703296035528e-05 0.000000000000000000e+00 0.000000000000000000e+00 7.088098526000976562e-01 7.188021540641784668e-01 5.406194925308227539e-02
1.481341838836669922e+00 4.078418351127766073e-05 0.000000000000000000e+00 0.000000000000000000e+00 7.081084847450256348e-01 7.181512117385864258e-01 5.504145100712776184e-02
1.480997562408447266e+00 4.064616223331540823e-05 0.000000000000000000e+00 0.000000000000000000e+00 7.074202895164489746e-01 7.175145149230957031e-01 5.602214485406875610e-02
1.480714797973632812e+00 4.068755151820369065e-05 0.000000000000000000e+00 0.000000000000000000e+00 7.068721055984497070e-01 7.170249223709106445e-01 5.677701905369758606e-02
1.480504512786865234e+00 4.095856274943798780e-05 0.000000000000000000e+00 0.000000000000000000e+00 7.065471410751342773e-01 7.167699933052062988e-01 5.714645981788635254e-02
1.480409145355224609e+00 4.153068948653526604e-05 0.000000000000000000e+00 0.000000000000000000e+00 7.064691781997680664e-01 7.167752981185913086e-01 5.712304264307022095e-02
