7.949825105949757109e-01
8.281560588182177440e-01
8.607580551626758947e-01
8.941850155701988045e-01
9.284360654356594855e-01
9.649096449347263071e-01
9.987107405354725964e-01
1.034033898412991537e+00
1.070170541654162255e+00
1.104980381928771127e+00
1.141978115210020128e+00
1.176993539201150352e+00
1.212120430217242584e+00
1.255048696258125540e+00
1.293886208460201637e+00
1.332824983495307647e+00
1.366961438069465018e+00
1.389975280932358670e+00
1.413011999515108474e+00
1.443785300687833617e+00
1.486529858930575987e+00
1.525863766626053497e+00
1.563181950797096986e+00
1.599881398764540830e+00
1.638058508248235734e+00
1.674911565077936038e+00
1.713910499009501320e+00
1.760607878475548338e+00
1.800321319529529562e+00
1.825398809712706516e+00
1.849144985433407440e+00
1.871557268731722790e+00
1.894026334518911669e+00
1.915845377663982330e+00
1.947500105614679011e+00
1.983379475561365846e+00
2.027645700434084652e+00
2.069091391757303278e+00
2.109133423899784976e+00
2.147803848884509037e+00
2.184419702903029670e+00
2.228072826811052565e+00
2.274565148692396566e+00
2.305712379272850221e+00
2.331292501509959258e+00
2.354778787846411259e+00
2.377545549811717063e+00
2.399581956101714653e+00
2.422998254373443405e+00
2.452013589009839567e+00
2.520455465064339595e+00
2.545849679592856685e+00
2.570523793902213416e+00
2.593773426896810008e+00
2.650554576739704959e+00
2.698202706575715482e+00
2.740195804649059319e+00
2.782807209485842037e+00
2.825334211249107774e+00
2.862901919884043078e+00
2.898337275459991424e+00
2.923970470896049445e+00
2.947504471835451945e+00
2.970340201827744053e+00
2.992475889500261665e+00
3.014602927233319907e+00
3.043002718513779570e+00
3.069266704069528728e+00
3.094775543330418710e+00
3.118821424467732584e+00
3.143506946555782555e+00
3.169546908557252962e+00
3.193464131248059612e+00
3.219468937792041352e+00
3.241276255471396972e+00
3.265879924968543513e+00
3.293973874025234228e+00
3.340933225974623610e+00
3.413039403066034705e+00
3.454336736274751019e+00
3.491385025686215560e+00
3.525575596930786038e+00
3.559007531134315450e+00
3.584696761106842544e+00
3.609648826055743775e+00
3.647861791484744209e+00
3.683961948053115609e+00
3.714456642382654383e+00
3.743539189583232840e+00
3.772603823311418303e+00
3.800244318920052322e+00
3.820856188899465877e+00
3.841422587480750384e+00
3.862636876585123780e+00
3.883797121233783844e+00
3.920988535372813555e+00
3.957435056200476087e+00
3.989647888199580272e+00
4.021131722251431562e+00
4.044198845507138707e+00
4.134958418379515166e+00
4.158058460628792474e+00
4.179675870878630128e+00
4.201906572008359042e+00
4.223349677349196085e+00
4.245399925636654359e+00
4.293925402961763282e+00
4.327670001197502003e+00
4.357121983311721181e+00
4.385085037982144662e+00
4.407370705517918097e+00
4.428884219646068487e+00
4.451033842675585994e+00
4.499001596721106999e+00
4.537130480064557325e+00
4.559133057616025830e+00
4.576894445963888280e+00
4.596709979338815977e+00
4.673815790486032462e+00
4.715205865115201789e+00
4.750246585237961838e+00
4.777531391441307562e+00
4.804756741332552927e+00
4.825619730107684191e+00
4.838727880816356297e+00
4.852472846774515958e+00
4.865457847504765176e+00
4.879788549033773570e+00
4.894067606300047224e+00
4.943964068967542147e+00
5.015491480006298630e+00
5.060408989422641390e+00
5.080111960520508951e+00
5.092785092724356311e+00
5.112411875185712162e+00
5.135486516070458585e+00
5.161317792814414496e+00
5.189205671960170463e+00
5.218435088638432084e+00
5.251122157777985855e+00
5.345974473640766611e+00
5.412117082121149281e+00
5.434138621232898814e+00
5.453320187249162565e+00
5.473149003838940985e+00
5.491515268236891956e+00
5.509844957590797954e+00
5.529518025996742026e+00
5.549145444793761150e+00
5.563126241016376206e+00
5.666448179265317187e+00
5.683631289039951184e+00
5.702806000028560973e+00
5.730301204016589267e+00
5.758413912770597776e+00
5.789236064812080862e+00
5.821393640909056977e+00
5.856990211550502146e+00
5.863149133284824899e+00
5.866457115849640580e+00
5.886499553474635604e+00
5.900884243959102271e+00
5.911015899076809355e+00
5.920401257686227936e+00
5.928345035787358164e+00
5.934135425175808720e+00
6.025893694430775938e+00
6.055381745971050833e+00
6.074339051893237418e+00
6.085563988634632437e+00
6.092565218863225773e+00
6.104432928558872540e+00
6.111376676400680275e+00
6.124586047087388074e+00
6.156657747992531071e+00
6.185916104659073156e+00
6.210961568720550829e+00
6.231099202062853948e+00
6.248426565647180908e+00
6.264342760086043960e+00
6.276750496996035267e+00
6.298240759146872314e+00
6.327415082622695586e+00
6.353084508595245872e+00
6.375247893527919096e+00
6.396701430753211959e+00
6.411846099356120376e+00
6.424175009613089848e+00
6.435087223777205878e+00
6.456471116208748029e+00
6.475737152106231242e+00
6.492185456111299047e+00
6.506519625439233678e+00
6.520142419927137389e+00
6.532354504470084144e+00
6.545255785896100242e+00
6.560248123876433191e+00
6.580830826342493722e+00
6.597912988600384665e+00
6.614989983227379966e+00
6.687308916768740730e+00
6.699512330766125068e+00
6.709616271919546904e+00
6.721112592524052687e+00
6.736795482126832546e+00
6.751777040013323017e+00
6.766757075959152878e+00
6.779640658869778846e+00
6.791829656398800097e+00
6.801924752827650522e+00
6.813432096381976777e+00
6.824954653634958568e+00
6.837893495664666865e+00
6.853648336285334430e+00
6.870119408042067555e+00
6.883115561552878070e+00
6.896127841273500536e+00
6.909854771774470272e+00
6.921497799795400141e+00
6.932445065992116184e+00
6.939896515688626977e+00
6.950827778962962000e+00
6.961032607338448308e+00
6.972605146050252500e+00
6.979248886575735611e+00
6.987266329566483414e+00
6.994572565724077151e+00
7.001880187749729423e+00
7.007798101335071195e+00
7.013726357346730111e+00
7.019665867964082651e+00
7.029106418670854950e+00
7.040651462218063372e+00
7.048706843639849673e+00
7.056761554626747923e+00
7.064116201625740388e+00
7.072166634655243200e+00
7.078816819200810961e+00
7.084067446961090475e+00
7.090017568979485318e+00
7.098069684924571909e+00
7.103330278089435623e+00
7.111395781355094314e+00
7.114579279434480874e+00
7.121271939345224844e+00
7.126584016729387905e+00
7.130509079823358576e+00
7.134443942994421306e+00
7.139089067324012383e+00
7.140944289459984162e+00
7.201434007431939399e+00
7.208374394209565494e+00
7.212515572010202547e+00
7.217346849429783440e+00
7.220763666268582348e+00
7.226258009108488700e+00
7.228943659125163457e+00
7.231619230689411815e+00
7.234298178402218227e+00
7.237683366458952605e+00
7.238277259610809367e+00
7.241678416005067120e+00
7.244387545957356345e+00
7.249194667460272079e+00
7.249800619474034313e+00
7.254595497445088803e+00
7.255881180970316535e+00
7.256454189867676874e+00
7.256311952031566648e+00
7.258951531404160384e+00
7.259476943103427615e+00
7.257890787856650761e+00
7.256287956331603617e+00
7.258163418889650664e+00
7.257226490004883956e+00
7.255577273482206380e+00
7.258112511312293513e+00
7.256446293578912687e+00
7.256872596096170192e+00
7.257295582008986834e+00
7.257722986081351912e+00
7.256062831729484408e+00
7.258610390154171199e+00
7.259773319227266875e+00
7.258847391357254430e+00
7.260034064216453586e+00
7.256341019100569945e+00
7.257550866447943783e+00
7.258078155822176747e+00
7.257215690799641905e+00
7.258460965255664199e+00
7.259703666886371920e+00
7.260248411773420507e+00
7.260093574130095817e+00
7.260635004559848227e+00
7.259775680722622582e+00
7.261006962620247585e+00
7.260830299283198563e+00
7.259944777964363105e+00
7.257652925407705347e+00
7.309574275258224674e+00
7.306561499228434009e+00
7.307031741949916004e+00
7.305392986460970128e+00
7.304440632660474719e+00
7.299288854574598417e+00
7.300430164896799745e+00
7.300174411845103073e+00
7.300614538528390263e+00
7.296857061183539273e+00
7.295202457989364397e+00
7.293548976966467201e+00
7.294000750782745790e+00
7.290260077482230372e+00
7.290018016680929414e+00
7.288378748962061948e+00
7.283940289640635335e+00
7.282999043085958135e+00
7.279258308234616948e+00
7.277623356018511735e+00
7.274595402005063605e+00
7.272972476067725900e+00
7.272750946734483968e+00
7.269742440559750385e+00
7.269535346886096150e+00
7.269338080035379512e+00
7.264956115959257943e+00
7.264786298940511422e+00
7.266028963449440603e+00
7.264490106064711128e+00
7.263664125738214850e+00
7.262849418319073713e+00
7.262743848232980248e+00
7.261252267429977536e+00
7.261165761602740076e+00
7.258991711163567118e+00
7.259615305533056784e+00
7.257449362236417123e+00
7.256680443690095572e+00
7.255207862529015728e+00
7.255829602177232829e+00
7.254348624940962331e+00
7.253564939430819258e+00
7.250667261384702300e+00
7.250560527743563632e+00
7.247640315518196985e+00
7.244004095617485817e+00
7.243146360127242112e+00
7.242968777327923213e+00
7.239273840634407264e+00
7.278760901744599110e+00
7.275009453863082065e+00
7.276126599637756875e+00
7.274427978212032464e+00
7.272697884658952283e+00
7.273033093911130287e+00
7.270532511731345515e+00
7.270085652333247772e+00
7.268202944483177497e+00
7.266306975992575801e+00
7.265113665087024053e+00
7.264631488381258606e+00
7.264172715070402297e+00
7.262338576302971305e+00
7.262631080588858090e+00
7.264351011012945669e+00
7.260506840577967580e+00
7.257394548318139016e+00
7.259209496855133281e+00
7.254057388337888490e+00
7.253125710262720460e+00
7.249411441764741504e+00
7.246420474208863816e+00
7.244847283507427349e+00
7.241880943375589297e+00
7.237528375613317522e+00
7.231782591685169237e+00
7.230237170426050852e+00
7.228701820026121716e+00
7.226468156517560359e+00
7.222832278414003326e+00
7.224789652754904701e+00
7.226041231211536520e+00
7.224491507881023900e+00
7.225735963423161046e+00
7.225576871210011021e+00
7.224712642881129021e+00
7.223845900244849183e+00
7.223669716713473576e+00
7.222085108178220025e+00
7.221192457287609834e+00
7.218894067988906649e+00
7.217288393612335540e+00
7.214973123786855957e+00
7.215444348145000575e+00
7.211712427814080506e+00
7.210771271406698268e+00
7.209121922023901341e+00
7.206760864510417974e+00
7.202991908595559600e+00
7.235408346013523229e+00
7.230213047231930368e+00
7.227792047448846624e+00
7.224654950621713034e+00
7.219407126541506514e+00
7.216936220860037388e+00
7.211644588977415893e+00
7.207012023765523523e+00
7.200948103149018564e+00
7.196261873969103107e+00
7.190833595124545674e+00
7.184008818127923135e+00
7.175779545531681514e+00
7.172461980816803084e+00
7.164958990252386251e+00
7.158190001122203938e+00
7.151427255742516031e+00
7.148907896152157271e+00
7.147108799471832086e+00
7.149554340874968439e+00
7.149247213951984037e+00
7.149681013948011810e+00
7.150159344708550080e+00
7.152057740874711911e+00
7.150490291210466864e+00
7.151050998747956022e+00
7.153018110111069028e+00
7.154230704486512771e+00
7.155408031879745501e+00
7.157285358848806567e+00
7.157772709811362155e+00
7.158272406916483810e+00
7.161580731782625442e+00
7.163495729328031913e+00
7.164717409076017951e+00
7.167340857014156796e+00
7.167868168231651183e+00
7.168394833544851075e+00
7.171017775351341328e+00
7.172940462288958763e+00
7.174861139586725223e+00
7.175379767164496769e+00
7.175191007260425025e+00
7.159605080155217571e+00
7.135611316604923537e+00
7.120685815132720364e+00
7.109934773577134770e+00
7.101959300131242436e+00
7.095361181065785949e+00
7.091536633232567333e+00
7.086992127667945951e+00
7.085227300085823465e+00
7.082752183257226442e+00
7.081668476295366332e+00
7.081973857497261271e+00
7.082974953446702138e+00
7.083275016442851957e+00
7.082874091776799830e+00
7.083874288160300736e+00
7.084176955893459748e+00
7.083775402373704289e+00
7.084063954179942613e+00
7.084330314340330226e+00
7.072683547315138597e+00
7.065212079197069173e+00
7.058435168939155346e+00
7.052366901365150653e+00
7.047717045001736125e+00
7.043094920933962833e+00
7.037801314365015770e+00
7.033926002588550830e+00
7.031458911502376452e+00
7.028996870794333773e+00
7.026535937098626228e+00
7.025493511690558357e+00
7.023077126830866490e+00
7.020689302350794136e+00
7.018331411841058909e+00
7.018098331990704430e+00
7.017893423076841053e+00
7.014915856569822417e+00
7.010557201899318969e+00
7.006213662686535670e+00
7.003981660595892222e+00
7.002454121447725832e+00
7.000235930825071229e+00
6.998026552346193085e+00
6.995123853024234784e+00
6.995017505944224112e+00
6.994204673991372800e+00
6.994083552462199371e+00
6.992556038437315991e+00
6.989627436092327173e+00
6.989488845218011726e+00
6.990736884378215166e+00
6.987077721441038669e+00
6.986201926658213601e+00
6.986021904081133549e+00
6.984437866950389484e+00
6.985646843741632139e+00
6.985444757931902338e+00
6.984533880149004226e+00
6.987093613082986820e+00
6.986136410497824301e+00
6.986578122242526945e+00
6.985630127028474412e+00
6.985402497664426669e+00
6.985199572275011981e+00
6.985715603836078813e+00
6.986938496114683872e+00
6.987463543921916376e+00
6.988682008791596623e+00
6.987791167461086417e+00
6.988282034400692844e+00
6.986655249098524756e+00
6.986401102570195754e+00
6.986813984742346051e+00
6.987200364767946148e+00
6.986164464155889320e+00
6.985816435213072495e+00
6.984067727118563162e+00
6.984413259798759377e+00
6.983362573603431933e+00
6.983019430469054711e+00
6.982689611878110547e+00
6.981678738646263760e+00
6.979988578562936752e+00
6.982514970314116276e+00
6.981567883266115437e+00
6.980641219714843082e+00
6.981830837934608347e+00
6.980247944777619118e+00
6.981487585993392031e+00
6.980657460757495159e+00
6.979848503423004225e+00
6.980454410621277361e+00
6.983170397140080254e+00
6.984493610973140143e+00
6.985811884875643862e+00
6.985717899743447923e+00
6.985602204010764815e+00
6.985469710715723757e+00
6.984616757722267089e+00
6.985840955241398476e+00
6.987048633675168041e+00
6.986142378235689954e+00
6.986620676633514826e+00
6.986392947856667313e+00
6.986860562760197624e+00
6.986624629885735516e+00
6.985687093307255680e+00
6.998408618132105907e+00
6.987072066440145335e+00
6.985685600301435372e+00
6.985685389582061866e+00
6.985684187548148572e+00
6.985684051072491130e+00
6.985683080322753646e+00
6.985683009816019862e+00
6.985681974797237181e+00
6.985681879008282635e+00
6.985681027501153828e+00
6.985680917205232987e+00
6.986379428249205326e+00
6.985680900010362571e+00
6.985680865673448814e+00
6.985680814741387579e+00
6.985680734657328195e+00
6.985680764349755378e+00
6.985680736528800061e+00
6.985680751542134637e+00
7.081789602254119131e+00
7.690684116180653618e+00
7.051353880185421197e+00
7.056974733043167802e+00
7.055338148243358809e+00
7.052030797019289921e+00
7.051353708248006669e+00
7.051351570783766398e+00
7.051351434851988564e+00
7.051349374782036605e+00
7.051349291713301604e+00
7.051347428238543102e+00
7.051347350192447294e+00
7.051345827482895068e+00
7.051345682094916079e+00
7.051344365022116811e+00
7.051344286017030782e+00
7.051343038271312480e+00
7.051342982154459982e+00
7.052041108012927495e+00
7.051342851474175610e+00
7.051342713413725427e+00
7.051342671223862268e+00
7.051342597986182348e+00
7.051342460882143115e+00
7.051342415508153216e+00
7.051342322918560335e+00
